187,1
187,3
180,27
180,25
180,10
179,5
178,83
178,2
180,15
185,4
180,5
186,4
188,5
185,1
185,3
186,5
186,1
186,3
188,1
188,3
179,10
179,9
204,35
10,254
192,4
10,121
10,223
192,3
192,1
191,5
191,4
10,124
191,3
191,1
180,28
10,250
180,8
10,122
10,130
180,3
180,1
179,12
179,7
11,6
11,7
0,312
179,6
179,4
9,5
179,3
179,1
8,6
178,114
178,79
178,78
178,77
178,76
8,18
8,9
8,15
8,12
178,75
178,74
178,73
178,72
178,68
178,25
178,24
178,23
178,12
178,11
178,10
178,9
178,7
178,6
178,5
178,4
178,3
178,1
178,0
165,4
165,3
165,2
165,1
164,10
164,9
164,6
164,5
164,3
164,1
20,3
20,2
20,1
19,3
19,2
19,1
14,6
14,5
14,4
12,3
12,2
12,1
11,30
11,29
11,28
11,27
11,26
11,25
11,24
11,23
11,22
11,21
11,20
11,19
11,18
11,17
11,16
11,15
11,14
11,13
11,12
11,10
11,9
11,5
11,3
11,2
11,1
10,316
10,315
10,314
